2000
2001
2002
2004
2005
2100
2101
2102
2103
10000
11000
11100
12000
12100
20000
20001
20002
20100
21000
1001000
1001001
1001100
1002001
1002004
1010100
1011000
1011001
1011100
1012001
1012003
1012004
1012101
1012102
1012106
1012107
1012108
1012109
1012110
1012111
1020000
1021000
1021001
1021100
1022001
1022004
1022006
1022007
1022100
1022101
1022102
1031000
1031001
1031100
1032000
1032005
1032009
1032103
1032104
1032105
1032106
1040000
1040002
1051001
1051002
1052000
1052012
1052013
1052014
1052015
1052016
1052102
1052103
1052104
1052105
1052106
1061001
1061002
1061003
1061004
1061005
1061009
1061011
1061013
1063003
1063004
1063005
1063006
1063007
1063008
1063009
1063010
1072000
1072001
1072002
1072003
1072004
1072005
1072006
1072007
1081000
1081001
1081100
1081101
1081102
2001000
2001001
2001002
2001003
2001004
2001005
2002000
2002001
2002002
2010004
2010005
2012002
2012003
2012004
2012005
2012010
2012011
2012015
2012016
2012017
2012019
2012020
2020001
2020003
2020006
2020007
2022000
2022001
2022002
2022003
2030001
2030002
2030003
2030004
2030005
2030007
2030008
2030009
2030011
2030012
2032000
2032002
2040001
2040004
2040005
2040006
2040007
2040008
2040009
2040010
2040011
2040012
2040013
2040015
2040017
2040018
2040023
2040029
2040037
2040038
2040040
2040045
2040048
2040049
2040051
2041001
2041002
2041003
2041004
2041005
2041006
2041011
2041012
2041014
2041015
2041016
2041017
2041018
2041019
2041020
2041022
2041027
2050000
2050001
2050002
2050003
2050005
2050006
2050007
2050008
2050009
2050010
2050011
2050012
2050013
2050014
2050015
2050016
2050017
2050018
2050019
2050020
2051000
2051001
2060000
2060001
2060002
2060003
2060004
2060006
2060007
2060100
2060101
2070001
2070002
2070003
2071000
2071001
2071002
2071003
2071004
2071005
2071006
2071007
2071008
2071009
2071010
2071011
2072000
2072001
9000000
9000002
9000003
9000004
9000005
9000006
9000010
9000011
9000012
9000013
9000015
9000017
9000018
9001000
9001001
9001002
9001003
9001004
9001005
9010001
9010002
9010003
9010004
9010005
9010006
9010007
9010008
9030000
9040000
9040001
9040003
9040005
9040006
9040007
9040009
9040010
9040012
9050000
9050001
9050002
9050003
9050004
9050005
9050006
9050007
9050008
9050009
9100000
9100001
9100002
9100003
9100004
9100108
9110000
9110001
9110002
9110003
9110004
9110005
9110006
9110007
9110008
9110009
9110010
9110011
9110012
9110013
9110014
9110015
9120000
9120001
9120002
9120004
9120005
9120006
9120007
9120008
9120011
9120012
9120014
9120016
9120017
9120018
9120019
9120020
9120021
9200000
9200001
9300010
9900000
9900001
